{
  "advancedEditorSelectedIdentifier" : "ProjectBrowser",
  "openSceneRelativePaths" : [
    "Immersive.usda"
  ],
  "recentIdentifiers" : {
    "AF09ED6F-1707-48FD-8720-65B998362C09" : [

    ],
    "D66134B1-3681-4A8E-AFE5-29F257229F3B" : [

    ]
  },
  "sceneCameraHistory" : {
    "4C742D53-0482-4014-9EBA-51BB407ED1EC" : [
      {
        "date" : 745283267.850599,
        "title" : "Untitled",
        "transform" : [
          0.99999994,
          0,
          -0,
          0,
          -0,
          0.86573976,
          -0.50049454,
          0,
          0,
          0.50049454,
          0.86573976,
          0,
          1.5258789e-05,
          1.1440992,
          1.0072632,
          1
        ]
      },
      {
        "date" : 745283253.178609,
        "title" : "Untitled",
        "transform" : [
          0.99999994,
          0,
          -0,
          0,
          -0,
          0.86573964,
          -0.50049454,
          0,
          0,
          0.50049454,
          0.86573964,
          0,
          -231.02823,
          1.1441345,
          296.3094,
          1
        ]
      },
      {
        "date" : 745283224.959754,
        "title" : "Untitled",
        "transform" : [
          0.99999994,
          0,
          -0,
          0,
          -0,
          0.8657396,
          -0.5004946,
          0,
          0,
          0.5004946,
          0.8657396,
          0,
          -115.577774,
          270.92688,
          616.1139,
          1
        ]
      }
    ],
    "AF09ED6F-1707-48FD-8720-65B998362C09" : [
      {
        "date" : 745967163.779081,
        "title" : "Untitled",
        "transform" : [
          0.95777965,
          1.4178807e-09,
          0.2875033,
          0,
          0.018806417,
          0.9978583,
          -0.06265112,
          0,
          -0.28688756,
          0.06541287,
          0.95572835,
          0,
          0.042434394,
          0.07833732,
          27.306005,
          1
        ]
      },
      {
        "date" : 745965169.145614,
        "title" : "Untitled",
        "transform" : [
          0.95777965,
          1.4178807e-09,
          0.2875033,
          0,
          0.018806417,
          0.9978583,
          -0.06265112,
          0,
          -0.28688756,
          0.06541287,
          0.95572835,
          0,
          0.008748695,
          0.02936948,
          27.29925,
          1
        ]
      },
      {
        "date" : 745965140.95009,
        "title" : "Untitled",
        "transform" : [
          0.95777965,
          1.4178807e-09,
          0.2875033,
          0,
          0.018806417,
          0.9978583,
          -0.06265112,
          0,
          -0.28688756,
          0.06541287,
          0.95572835,
          0,
          -0.0011671344,
          0.0051125363,
          27.297934,
          1
        ]
      },
      {
        "date" : 745965128.315936,
        "title" : "Untitled",
        "transform" : [
          1,
          0,
          0,
          0,
          0,
          0.7071069,
          -0.7071067,
          0,
          0,
          0.7071067,
          0.7071069,
          0,
          0.66091526,
          1.459926,
          26.647034,
          1
        ]
      },
      {
        "date" : 745965126.353219,
        "title" : "Untitled",
        "transform" : [
          1,
          0,
          0,
          0,
          0,
          0.7071069,
          -0.7071067,
          0,
          0,
          0.7071067,
          0.7071069,
          0,
          0.4941661,
          1.0915861,
          26.231487,
          1
        ]
      },
      {
        "date" : 745965092.872292,
        "title" : "Untitled",
        "transform" : [
          1,
          0,
          0,
          0,
          0,
          0.7071069,
          -0.70710677,
          0,
          0,
          0.70710677,
          0.7071069,
          0,
          0.5664382,
          25.135487,
          17.42331,
          1
        ]
      },
      {
        "date" : 745965083.87471,
        "title" : "Untitled",
        "transform" : [
          1,
          0,
          0,
          0,
          0,
          0.7071069,
          -0.70710677,
          0,
          0,
          0.70710677,
          0.7071069,
          0,
          0.023909092,
          23.361567,
          13.974804,
          1
        ]
      },
      {
        "date" : 745956491.02134,
        "title" : "Untitled",
        "transform" : [
          1,
          0,
          0,
          0,
          0,
          0.7071069,
          -0.70710677,
          0,
          0,
          0.70710677,
          0.7071069,
          0,
          0.08915746,
          22.403229,
          14.93314,
          1
        ]
      },
      {
        "date" : 745956482.041936,
        "title" : "Untitled",
        "transform" : [
          1,
          0,
          0,
          0,
          0,
          0.7071069,
          -0.70710677,
          0,
          0,
          0.70710677,
          0.7071069,
          0,
          0.22848701,
          7.624978,
          29.711391,
          1
        ]
      },
      {
        "date" : 745956473.830262,
        "title" : "Untitled",
        "transform" : [
          1,
          0,
          0,
          0,
          0,
          0.7071069,
          -0.70710677,
          0,
          0,
          0.70710677,
          0.7071069,
          0,
          0.6030903,
          31.621485,
          5.7148952,
          1
        ]
      }
    ],
    "C39E5929-7C6D-483A-A47D-698BF54786DF" : [
      {
        "date" : 745289627.38372,
        "title" : "Untitled",
        "transform" : [
          0.27361345,
          4.659231e-10,
          -0.96183974,
          0,
          -0.3114494,
          0.9461235,
          -0.08859766,
          0,
          0.91001916,
          0.32380596,
          0.25887212,
          0,
          4.9013925,
          1.7440361,
          1.2442935,
          1
        ]
      },
      {
        "date" : 745289621.94123,
        "title" : "Untitled",
        "transform" : [
          1,
          0,
          -0,
          0,
          -0,
          0.86602604,
          -0.4999989,
          0,
          0,
          0.4999989,
          0.86602604,
          0,
          0,
          2.6930168,
          4.5144424,
          1
        ]
      }
    ],
    "D66134B1-3681-4A8E-AFE5-29F257229F3B" : [
      {
        "date" : 745449666.190207,
        "title" : "Untitled",
        "transform" : [
          1,
          0,
          0,
          0,
          0,
          0.7071069,
          -0.7071067,
          0,
          0,
          0.7071067,
          0.7071069,
          0,
          -0.078074574,
          0.5519315,
          0.41192013,
          1
        ]
      },
      {
        "date" : 745449618.983799,
        "title" : "Untitled",
        "transform" : [
          1,
          0,
          0,
          0,
          0,
          0.7071069,
          -0.7071067,
          0,
          0,
          0.7071067,
          0.7071069,
          0,
          0.006978829,
          0.49608496,
          0.4677663,
          1
        ]
      },
      {
        "date" : 745449535.379155,
        "title" : "Untitled",
        "transform" : [
          1,
          0,
          0,
          0,
          0,
          0.7071069,
          -0.7071067,
          0,
          0,
          0.7071067,
          0.7071069,
          0,
          0.062197417,
          4.418711,
          4.166473,
          1
        ]
      },
      {
        "date" : 745449304.181388,
        "title" : "Untitled",
        "transform" : [
          1,
          0,
          0,
          0,
          0,
          0.7071069,
          -0.7071067,
          0,
          0,
          0.7071067,
          0.7071069,
          0,
          2.053669e-05,
          1.2579134,
          1.2582848,
          1
        ]
      },
      {
        "date" : 745449296.888972,
        "title" : "Untitled",
        "transform" : [
          1,
          0,
          0,
          0,
          0,
          0.7071069,
          -0.70710677,
          0,
          0,
          0.70710677,
          0.7071069,
          0,
          1.6114442,
          13.975122,
          36.99291,
          1
        ]
      },
      {
        "date" : 745449289.437306,
        "title" : "Untitled",
        "transform" : [
          1,
          0,
          0,
          0,
          0,
          0.7071069,
          -0.70710677,
          0,
          0,
          0.70710677,
          0.7071069,
          0,
          2.245465,
          19.473602,
          41.71149,
          1
        ]
      },
      {
        "date" : 745449280.735274,
        "title" : "Untitled",
        "transform" : [
          0.99999994,
          0,
          0,
          0,
          0,
          0.8660254,
          -0.49999994,
          0,
          0,
          0.49999994,
          0.8660254,
          0,
          1.4207564e-05,
          1.9784223,
          -74.98042,
          1
        ]
      },
      {
        "date" : 745449276.780531,
        "title" : "Untitled",
        "transform" : [
          0.99999994,
          0,
          0,
          0,
          0,
          0.8660254,
          -0.49999994,
          0,
          0,
          0.49999994,
          0.8660254,
          0,
          1.4207564e-05,
          1.9784223,
          -74.98042,
          1
        ]
      },
      {
        "date" : 745449235.730418,
        "title" : "Untitled",
        "transform" : [
          0.99999994,
          0,
          0,
          0,
          0,
          0.8660254,
          -0.49999994,
          0,
          0,
          0.49999994,
          0.8660254,
          0,
          0,
          0.47830015,
          0.8288917,
          1
        ]
      },
      {
        "date" : 745026935.233982,
        "title" : "Untitled",
        "transform" : [
          0.99999994,
          0,
          -0,
          0,
          -0,
          0.8660254,
          -0.49999994,
          0,
          0,
          0.49999994,
          0.8660254,
          0,
          0,
          0.21191931,
          0.36725506,
          1
        ]
      }
    ]
  },
  "selectedSceneRelativePath" : "Immersive.usda"
}